IMPROPER 13144 13155 13147 13149 $FC -120.0
DIHEDRAL 13179 13182 13184 13186 $FC  0.0
IMPROPER 13278 13289 13281 13283 $FC -120.0
DIHEDRAL 13313 13316 13318 13320 $FC  0.0
IMPROPER 13412 13423 13415 13417 $FC -120.0
DIHEDRAL 13447 13450 13452 13454 $FC  0.0
IMPROPER 13546 13557 13549 13551 $FC -120.0
DIHEDRAL 13581 13584 13586 13588 $FC  0.0
IMPROPER 13680 13691 13683 13685 $FC -120.0
DIHEDRAL 13715 13718 13720 13722 $FC  0.0
IMPROPER 13814 13825 13817 13819 $FC -120.0
DIHEDRAL 13849 13852 13854 13856 $FC  0.0
IMPROPER 13948 13959 13951 13953 $FC -120.0
DIHEDRAL 13983 13986 13988 13990 $FC  0.0
IMPROPER 14082 14093 14085 14087 $FC -120.0
DIHEDRAL 14117 14120 14122 14124 $FC  0.0
IMPROPER 14216 14227 14219 14221 $FC -120.0
DIHEDRAL 14251 14254 14256 14258 $FC  0.0
IMPROPER 14350 14361 14353 14355 $FC -120.0
DIHEDRAL 14385 14388 14390 14392 $FC  0.0
IMPROPER 14484 14495 14487 14489 $FC -120.0
DIHEDRAL 14519 14522 14524 14526 $FC  0.0
IMPROPER 14618 14629 14621 14623 $FC -120.0
DIHEDRAL 14653 14656 14658 14660 $FC  0.0
IMPROPER 14752 14763 14755 14757 $FC -120.0
DIHEDRAL 14787 14790 14792 14794 $FC  0.0
IMPROPER 14886 14897 14889 14891 $FC -120.0
DIHEDRAL 14921 14924 14926 14928 $FC  0.0
IMPROPER 15020 15031 15023 15025 $FC -120.0
DIHEDRAL 15055 15058 15060 15062 $FC  0.0
IMPROPER 15154 15165 15157 15159 $FC -120.0
DIHEDRAL 15189 15192 15194 15196 $FC  0.0
IMPROPER 15288 15299 15291 15293 $FC -120.0
DIHEDRAL 15323 15326 15328 15330 $FC  0.0
IMPROPER 15422 15433 15425 15427 $FC -120.0
DIHEDRAL 15457 15460 15462 15464 $FC  0.0
IMPROPER 15556 15567 15559 15561 $FC -120.0
DIHEDRAL 15591 15594 15596 15598 $FC  0.0
IMPROPER 15690 15701 15693 15695 $FC -120.0
DIHEDRAL 15725 15728 15730 15732 $FC  0.0
IMPROPER 15824 15835 15827 15829 $FC -120.0
DIHEDRAL 15859 15862 15864 15866 $FC  0.0
IMPROPER 15958 15969 15961 15963 $FC -120.0
DIHEDRAL 15993 15996 15998 16000 $FC  0.0
IMPROPER 16092 16103 16095 16097 $FC -120.0
DIHEDRAL 16127 16130 16132 16134 $FC  0.0
IMPROPER 16226 16237 16229 16231 $FC -120.0
DIHEDRAL 16261 16264 16266 16268 $FC  0.0
IMPROPER 16360 16371 16363 16365 $FC -120.0
DIHEDRAL 16395 16398 16400 16402 $FC  0.0
IMPROPER 16494 16505 16497 16499 $FC -120.0
DIHEDRAL 16529 16532 16534 16536 $FC  0.0
IMPROPER 16628 16639 16631 16633 $FC -120.0
DIHEDRAL 16663 16666 16668 16670 $FC  0.0
IMPROPER 16762 16773 16765 16767 $FC -120.0
DIHEDRAL 16797 16800 16802 16804 $FC  0.0
IMPROPER 16896 16907 16899 16901 $FC -120.0
DIHEDRAL 16931 16934 16936 16938 $FC  0.0
IMPROPER 17030 17041 17033 17035 $FC -120.0
DIHEDRAL 17065 17068 17070 17072 $FC  0.0
IMPROPER 17164 17175 17167 17169 $FC -120.0
DIHEDRAL 17199 17202 17204 17206 $FC  0.0
IMPROPER 17298 17309 17301 17303 $FC -120.0
DIHEDRAL 17333 17336 17338 17340 $FC  0.0
IMPROPER 17432 17443 17435 17437 $FC -120.0
DIHEDRAL 17467 17470 17472 17474 $FC  0.0
IMPROPER 17566 17577 17569 17571 $FC -120.0
DIHEDRAL 17601 17604 17606 17608 $FC  0.0
IMPROPER 17700 17711 17703 17705 $FC -120.0
DIHEDRAL 17735 17738 17740 17742 $FC  0.0
IMPROPER 17834 17845 17837 17839 $FC -120.0
DIHEDRAL 17869 17872 17874 17876 $FC  0.0
IMPROPER 17968 17979 17971 17973 $FC -120.0
DIHEDRAL 18003 18006 18008 18010 $FC  0.0
IMPROPER 18102 18113 18105 18107 $FC -120.0
DIHEDRAL 18137 18140 18142 18144 $FC  0.0
IMPROPER 18236 18247 18239 18241 $FC -120.0
DIHEDRAL 18271 18274 18276 18278 $FC  0.0
IMPROPER 18370 18381 18373 18375 $FC -120.0
DIHEDRAL 18405 18408 18410 18412 $FC  0.0
IMPROPER 18504 18515 18507 18509 $FC -120.0
DIHEDRAL 18539 18542 18544 18546 $FC  0.0
IMPROPER 18638 18649 18641 18643 $FC -120.0
DIHEDRAL 18673 18676 18678 18680 $FC  0.0
IMPROPER 18772 18783 18775 18777 $FC -120.0
DIHEDRAL 18807 18810 18812 18814 $FC  0.0
IMPROPER 18906 18917 18909 18911 $FC -120.0
DIHEDRAL 18941 18944 18946 18948 $FC  0.0
IMPROPER 19040 19051 19043 19045 $FC -120.0
DIHEDRAL 19075 19078 19080 19082 $FC  0.0
IMPROPER 19174 19185 19177 19179 $FC -120.0
DIHEDRAL 19209 19212 19214 19216 $FC  0.0
IMPROPER 19308 19319 19311 19313 $FC -120.0
DIHEDRAL 19343 19346 19348 19350 $FC  0.0
IMPROPER 19442 19453 19445 19447 $FC -120.0
DIHEDRAL 19477 19480 19482 19484 $FC  0.0
IMPROPER 19576 19587 19579 19581 $FC -120.0
DIHEDRAL 19611 19614 19616 19618 $FC  0.0
IMPROPER 19710 19721 19713 19715 $FC -120.0
DIHEDRAL 19745 19748 19750 19752 $FC  0.0
IMPROPER 19844 19855 19847 19849 $FC -120.0
DIHEDRAL 19879 19882 19884 19886 $FC  0.0
IMPROPER 19978 19989 19981 19983 $FC -120.0
DIHEDRAL 20013 20016 20018 20020 $FC  0.0
IMPROPER 20112 20123 20115 20117 $FC -120.0
DIHEDRAL 20147 20150 20152 20154 $FC  0.0
IMPROPER 20246 20257 20249 20251 $FC -120.0
DIHEDRAL 20281 20284 20286 20288 $FC  0.0
IMPROPER 20380 20391 20383 20385 $FC -120.0
DIHEDRAL 20415 20418 20420 20422 $FC  0.0
IMPROPER 20514 20525 20517 20519 $FC -120.0
DIHEDRAL 20549 20552 20554 20556 $FC  0.0
IMPROPER 20648 20659 20651 20653 $FC -120.0
DIHEDRAL 20683 20686 20688 20690 $FC  0.0
IMPROPER 20782 20793 20785 20787 $FC -120.0
DIHEDRAL 20817 20820 20822 20824 $FC  0.0
IMPROPER 20916 20927 20919 20921 $FC -120.0
DIHEDRAL 20951 20954 20956 20958 $FC  0.0
IMPROPER 21050 21061 21053 21055 $FC -120.0
DIHEDRAL 21085 21088 21090 21092 $FC  0.0
IMPROPER 21184 21195 21187 21189 $FC -120.0
DIHEDRAL 21219 21222 21224 21226 $FC  0.0
IMPROPER 21318 21329 21321 21323 $FC -120.0
DIHEDRAL 21353 21356 21358 21360 $FC  0.0
IMPROPER 21452 21463 21455 21457 $FC -120.0
DIHEDRAL 21487 21490 21492 21494 $FC  0.0
IMPROPER 21586 21597 21589 21591 $FC -120.0
DIHEDRAL 21621 21624 21626 21628 $FC  0.0
IMPROPER 21720 21731 21723 21725 $FC -120.0
DIHEDRAL 21755 21758 21760 21762 $FC  0.0
IMPROPER 21854 21865 21857 21859 $FC -120.0
DIHEDRAL 21889 21892 21894 21896 $FC  0.0
IMPROPER 21988 21999 21991 21993 $FC -120.0
DIHEDRAL 22023 22026 22028 22030 $FC  0.0
IMPROPER 22122 22133 22125 22127 $FC -120.0
DIHEDRAL 22157 22160 22162 22164 $FC  0.0
IMPROPER 22256 22267 22259 22261 $FC -120.0
DIHEDRAL 22291 22294 22296 22298 $FC  0.0
IMPROPER 22390 22401 22393 22395 $FC -120.0
DIHEDRAL 22425 22428 22430 22432 $FC  0.0
IMPROPER 22524 22535 22527 22529 $FC -120.0
DIHEDRAL 22559 22562 22564 22566 $FC  0.0
IMPROPER 22658 22669 22661 22663 $FC -120.0
DIHEDRAL 22693 22696 22698 22700 $FC  0.0
IMPROPER 22792 22803 22795 22797 $FC -120.0
DIHEDRAL 22827 22830 22832 22834 $FC  0.0
IMPROPER 22926 22937 22929 22931 $FC -120.0
DIHEDRAL 22961 22964 22966 22968 $FC  0.0
IMPROPER 23060 23071 23063 23065 $FC -120.0
DIHEDRAL 23095 23098 23100 23102 $FC  0.0
IMPROPER 23194 23205 23197 23199 $FC -120.0
DIHEDRAL 23229 23232 23234 23236 $FC  0.0
IMPROPER 23328 23339 23331 23333 $FC -120.0
DIHEDRAL 23363 23366 23368 23370 $FC  0.0
IMPROPER 23462 23473 23465 23467 $FC -120.0
DIHEDRAL 23497 23500 23502 23504 $FC  0.0
IMPROPER 23596 23607 23599 23601 $FC -120.0
DIHEDRAL 23631 23634 23636 23638 $FC  0.0
IMPROPER 23730 23741 23733 23735 $FC -120.0
DIHEDRAL 23765 23768 23770 23772 $FC  0.0
IMPROPER 23864 23875 23867 23869 $FC -120.0
DIHEDRAL 23899 23902 23904 23906 $FC  0.0
IMPROPER 23998 24009 24001 24003 $FC -120.0
DIHEDRAL 24033 24036 24038 24040 $FC  0.0
IMPROPER 24132 24143 24135 24137 $FC -120.0
DIHEDRAL 24167 24170 24172 24174 $FC  0.0
IMPROPER 24266 24277 24269 24271 $FC -120.0
DIHEDRAL 24301 24304 24306 24308 $FC  0.0
IMPROPER 24400 24411 24403 24405 $FC -120.0
DIHEDRAL 24435 24438 24440 24442 $FC  0.0
IMPROPER 24534 24545 24537 24539 $FC -120.0
DIHEDRAL 24569 24572 24574 24576 $FC  0.0
IMPROPER 24668 24679 24671 24673 $FC -120.0
DIHEDRAL 24703 24706 24708 24710 $FC  0.0
IMPROPER 24802 24813 24805 24807 $FC -120.0
DIHEDRAL 24837 24840 24842 24844 $FC  0.0
IMPROPER 24936 24947 24939 24941 $FC -120.0
DIHEDRAL 24971 24974 24976 24978 $FC  0.0
IMPROPER 25070 25081 25073 25075 $FC -120.0
DIHEDRAL 25105 25108 25110 25112 $FC  0.0
IMPROPER 25204 25215 25207 25209 $FC -120.0
DIHEDRAL 25239 25242 25244 25246 $FC  0.0
IMPROPER 25338 25349 25341 25343 $FC -120.0
DIHEDRAL 25373 25376 25378 25380 $FC  0.0
IMPROPER 25472 25483 25475 25477 $FC -120.0
DIHEDRAL 25507 25510 25512 25514 $FC  0.0
IMPROPER 25606 25617 25609 25611 $FC -120.0
DIHEDRAL 25641 25644 25646 25648 $FC  0.0
IMPROPER 25740 25751 25743 25745 $FC -120.0
DIHEDRAL 25775 25778 25780 25782 $FC  0.0
IMPROPER 25874 25885 25877 25879 $FC -120.0
DIHEDRAL 25909 25912 25914 25916 $FC  0.0
IMPROPER 26008 26019 26011 26013 $FC -120.0
DIHEDRAL 26043 26046 26048 26050 $FC  0.0
IMPROPER 26142 26153 26145 26147 $FC -120.0
DIHEDRAL 26177 26180 26182 26184 $FC  0.0
IMPROPER 26276 26287 26279 26281 $FC -120.0
DIHEDRAL 26311 26314 26316 26318 $FC  0.0
IMPROPER 26410 26421 26413 26415 $FC -120.0
DIHEDRAL 26445 26448 26450 26452 $FC  0.0
IMPROPER 26544 26555 26547 26549 $FC -120.0
DIHEDRAL 26579 26582 26584 26586 $FC  0.0
IMPROPER 26678 26689 26681 26683 $FC -120.0
DIHEDRAL 26713 26716 26718 26720 $FC  0.0
IMPROPER 26812 26823 26815 26817 $FC -120.0
DIHEDRAL 26847 26850 26852 26854 $FC  0.0
IMPROPER 26946 26957 26949 26951 $FC -120.0
DIHEDRAL 26981 26984 26986 26988 $FC  0.0
IMPROPER 27080 27091 27083 27085 $FC -120.0
DIHEDRAL 27115 27118 27120 27122 $FC  0.0
IMPROPER 27214 27225 27217 27219 $FC -120.0
DIHEDRAL 27249 27252 27254 27256 $FC  0.0
IMPROPER 27348 27359 27351 27353 $FC -120.0
DIHEDRAL 27383 27386 27388 27390 $FC  0.0
IMPROPER 27482 27493 27485 27487 $FC -120.0
DIHEDRAL 27517 27520 27522 27524 $FC  0.0
IMPROPER 27616 27627 27619 27621 $FC -120.0
DIHEDRAL 27651 27654 27656 27658 $FC  0.0
IMPROPER 27750 27761 27753 27755 $FC -120.0
DIHEDRAL 27785 27788 27790 27792 $FC  0.0
IMPROPER 27884 27895 27887 27889 $FC -120.0
DIHEDRAL 27919 27922 27924 27926 $FC  0.0
IMPROPER 28018 28029 28021 28023 $FC -120.0
DIHEDRAL 28053 28056 28058 28060 $FC  0.0
IMPROPER 28152 28163 28155 28157 $FC -120.0
DIHEDRAL 28187 28190 28192 28194 $FC  0.0
IMPROPER 28286 28297 28289 28291 $FC -120.0
DIHEDRAL 28321 28324 28326 28328 $FC  0.0
IMPROPER 28420 28431 28423 28425 $FC -120.0
DIHEDRAL 28455 28458 28460 28462 $FC  0.0
IMPROPER 28554 28565 28557 28559 $FC -120.0
DIHEDRAL 28589 28592 28594 28596 $FC  0.0
IMPROPER 28688 28699 28691 28693 $FC -120.0
DIHEDRAL 28723 28726 28728 28730 $FC  0.0
IMPROPER 28822 28833 28825 28827 $FC -120.0
DIHEDRAL 28857 28860 28862 28864 $FC  0.0
IMPROPER 28956 28967 28959 28961 $FC -120.0
DIHEDRAL 28991 28994 28996 28998 $FC  0.0
IMPROPER 29090 29101 29093 29095 $FC -120.0
DIHEDRAL 29125 29128 29130 29132 $FC  0.0
IMPROPER 29224 29235 29227 29229 $FC -120.0
DIHEDRAL 29259 29262 29264 29266 $FC  0.0
IMPROPER 29358 29369 29361 29363 $FC -120.0
DIHEDRAL 29393 29396 29398 29400 $FC  0.0
IMPROPER 29492 29503 29495 29497 $FC -120.0
DIHEDRAL 29527 29530 29532 29534 $FC  0.0
IMPROPER 29626 29637 29629 29631 $FC -120.0
DIHEDRAL 29661 29664 29666 29668 $FC  0.0
IMPROPER 29760 29771 29763 29765 $FC -120.0
DIHEDRAL 29795 29798 29800 29802 $FC  0.0
IMPROPER 29894 29905 29897 29899 $FC -120.0
DIHEDRAL 29929 29932 29934 29936 $FC  0.0
IMPROPER 30028 30039 30031 30033 $FC -120.0
DIHEDRAL 30063 30066 30068 30070 $FC  0.0
IMPROPER 30162 30173 30165 30167 $FC -120.0
DIHEDRAL 30197 30200 30202 30204 $FC  0.0
IMPROPER 30296 30307 30299 30301 $FC -120.0
DIHEDRAL 30331 30334 30336 30338 $FC  0.0
IMPROPER 30430 30441 30433 30435 $FC -120.0
DIHEDRAL 30465 30468 30470 30472 $FC  0.0
IMPROPER 30564 30575 30567 30569 $FC -120.0
DIHEDRAL 30599 30602 30604 30606 $FC  0.0
IMPROPER 30698 30709 30701 30703 $FC -120.0
DIHEDRAL 30733 30736 30738 30740 $FC  0.0
IMPROPER 30832 30843 30835 30837 $FC -120.0
DIHEDRAL 30867 30870 30872 30874 $FC  0.0
IMPROPER 30966 30977 30969 30971 $FC -120.0
DIHEDRAL 31001 31004 31006 31008 $FC  0.0
IMPROPER 31100 31111 31103 31105 $FC -120.0
DIHEDRAL 31135 31138 31140 31142 $FC  0.0
IMPROPER 31234 31245 31237 31239 $FC -120.0
DIHEDRAL 31269 31272 31274 31276 $FC  0.0
IMPROPER 31368 31379 31371 31373 $FC -120.0
DIHEDRAL 31403 31406 31408 31410 $FC  0.0
IMPROPER 31502 31513 31505 31507 $FC -120.0
DIHEDRAL 31537 31540 31542 31544 $FC  0.0
IMPROPER 31636 31647 31639 31641 $FC -120.0
DIHEDRAL 31671 31674 31676 31678 $FC  0.0
IMPROPER 31770 31781 31773 31775 $FC -120.0
DIHEDRAL 31805 31808 31810 31812 $FC  0.0
IMPROPER 31904 31915 31907 31909 $FC -120.0
DIHEDRAL 31939 31942 31944 31946 $FC  0.0
IMPROPER 32038 32049 32041 32043 $FC -120.0
DIHEDRAL 32073 32076 32078 32080 $FC  0.0
IMPROPER 32172 32183 32175 32177 $FC -120.0
DIHEDRAL 32207 32210 32212 32214 $FC  0.0
IMPROPER 32306 32317 32309 32311 $FC -120.0
DIHEDRAL 32341 32344 32346 32348 $FC  0.0
IMPROPER 32440 32451 32443 32445 $FC -120.0
DIHEDRAL 32475 32478 32480 32482 $FC  0.0
IMPROPER 32574 32585 32577 32579 $FC -120.0
DIHEDRAL 32609 32612 32614 32616 $FC  0.0
IMPROPER 32708 32719 32711 32713 $FC -120.0
DIHEDRAL 32743 32746 32748 32750 $FC  0.0
IMPROPER 32842 32853 32845 32847 $FC -120.0
DIHEDRAL 32877 32880 32882 32884 $FC  0.0
IMPROPER 32976 32987 32979 32981 $FC -120.0
DIHEDRAL 33011 33014 33016 33018 $FC  0.0
IMPROPER 33110 33121 33113 33115 $FC -120.0
DIHEDRAL 33145 33148 33150 33152 $FC  0.0
IMPROPER 33244 33255 33247 33249 $FC -120.0
DIHEDRAL 33279 33282 33284 33286 $FC  0.0
IMPROPER 33378 33389 33381 33383 $FC -120.0
DIHEDRAL 33413 33416 33418 33420 $FC  0.0
IMPROPER 33512 33523 33515 33517 $FC -120.0
DIHEDRAL 33547 33550 33552 33554 $FC  0.0
IMPROPER 33646 33657 33649 33651 $FC -120.0
DIHEDRAL 33681 33684 33686 33688 $FC  0.0
IMPROPER 33780 33791 33783 33785 $FC -120.0
DIHEDRAL 33815 33818 33820 33822 $FC  0.0
IMPROPER 33914 33925 33917 33919 $FC -120.0
DIHEDRAL 33949 33952 33954 33956 $FC  0.0
IMPROPER 34048 34059 34051 34053 $FC -120.0
DIHEDRAL 34083 34086 34088 34090 $FC  0.0
IMPROPER 34182 34193 34185 34187 $FC -120.0
DIHEDRAL 34217 34220 34222 34224 $FC  0.0
IMPROPER 34316 34327 34319 34321 $FC -120.0
DIHEDRAL 34351 34354 34356 34358 $FC  0.0
IMPROPER 34450 34461 34453 34455 $FC -120.0
DIHEDRAL 34485 34488 34490 34492 $FC  0.0
IMPROPER 34584 34595 34587 34589 $FC -120.0
DIHEDRAL 34619 34622 34624 34626 $FC  0.0
IMPROPER 34718 34729 34721 34723 $FC -120.0
DIHEDRAL 34753 34756 34758 34760 $FC  0.0
IMPROPER 34852 34863 34855 34857 $FC -120.0
DIHEDRAL 34887 34890 34892 34894 $FC  0.0
IMPROPER 34986 34997 34989 34991 $FC -120.0
DIHEDRAL 35021 35024 35026 35028 $FC  0.0
IMPROPER 35120 35131 35123 35125 $FC -120.0
DIHEDRAL 35155 35158 35160 35162 $FC  0.0
IMPROPER 35254 35265 35257 35259 $FC -120.0
DIHEDRAL 35289 35292 35294 35296 $FC  0.0
IMPROPER 35388 35399 35391 35393 $FC -120.0
DIHEDRAL 35423 35426 35428 35430 $FC  0.0
IMPROPER 35522 35533 35525 35527 $FC -120.0
DIHEDRAL 35557 35560 35562 35564 $FC  0.0
IMPROPER 35656 35667 35659 35661 $FC -120.0
DIHEDRAL 35691 35694 35696 35698 $FC  0.0
IMPROPER 35790 35801 35793 35795 $FC -120.0
DIHEDRAL 35825 35828 35830 35832 $FC  0.0
IMPROPER 35924 35935 35927 35929 $FC -120.0
DIHEDRAL 35959 35962 35964 35966 $FC  0.0
IMPROPER 36058 36069 36061 36063 $FC -120.0
DIHEDRAL 36093 36096 36098 36100 $FC  0.0
IMPROPER 36192 36203 36195 36197 $FC -120.0
DIHEDRAL 36227 36230 36232 36234 $FC  0.0
IMPROPER 36326 36337 36329 36331 $FC -120.0
DIHEDRAL 36361 36364 36366 36368 $FC  0.0
IMPROPER 36460 36471 36463 36465 $FC -120.0
DIHEDRAL 36495 36498 36500 36502 $FC  0.0
IMPROPER 36594 36605 36597 36599 $FC -120.0
DIHEDRAL 36629 36632 36634 36636 $FC  0.0
IMPROPER 36728 36739 36731 36733 $FC -120.0
DIHEDRAL 36763 36766 36768 36770 $FC  0.0
IMPROPER 36862 36873 36865 36867 $FC -120.0
DIHEDRAL 36897 36900 36902 36904 $FC  0.0
IMPROPER 36996 37007 36999 37001 $FC -120.0
DIHEDRAL 37031 37034 37036 37038 $FC  0.0
IMPROPER 37130 37141 37133 37135 $FC -120.0
DIHEDRAL 37165 37168 37170 37172 $FC  0.0
IMPROPER 37264 37275 37267 37269 $FC -120.0
DIHEDRAL 37299 37302 37304 37306 $FC  0.0
IMPROPER 37398 37409 37401 37403 $FC -120.0
DIHEDRAL 37433 37436 37438 37440 $FC  0.0
IMPROPER 37532 37543 37535 37537 $FC -120.0
DIHEDRAL 37567 37570 37572 37574 $FC  0.0
IMPROPER 37666 37677 37669 37671 $FC -120.0
DIHEDRAL 37701 37704 37706 37708 $FC  0.0
IMPROPER 37800 37811 37803 37805 $FC -120.0
DIHEDRAL 37835 37838 37840 37842 $FC  0.0
IMPROPER 37934 37945 37937 37939 $FC -120.0
DIHEDRAL 37969 37972 37974 37976 $FC  0.0
IMPROPER 38068 38079 38071 38073 $FC -120.0
DIHEDRAL 38103 38106 38108 38110 $FC  0.0
IMPROPER 38202 38213 38205 38207 $FC -120.0
DIHEDRAL 38237 38240 38242 38244 $FC  0.0
IMPROPER 38336 38347 38339 38341 $FC -120.0
DIHEDRAL 38371 38374 38376 38378 $FC  0.0
IMPROPER 38470 38481 38473 38475 $FC -120.0
DIHEDRAL 38505 38508 38510 38512 $FC  0.0
IMPROPER 38604 38615 38607 38609 $FC -120.0
DIHEDRAL 38639 38642 38644 38646 $FC  0.0
IMPROPER 38738 38749 38741 38743 $FC -120.0
DIHEDRAL 38773 38776 38778 38780 $FC  0.0
IMPROPER 38872 38883 38875 38877 $FC -120.0
DIHEDRAL 38907 38910 38912 38914 $FC  0.0
IMPROPER 39006 39017 39009 39011 $FC -120.0
DIHEDRAL 39041 39044 39046 39048 $FC  0.0
IMPROPER 39140 39151 39143 39145 $FC -120.0
DIHEDRAL 39175 39178 39180 39182 $FC  0.0
IMPROPER 39274 39285 39277 39279 $FC -120.0
DIHEDRAL 39309 39312 39314 39316 $FC  0.0
IMPROPER 39408 39419 39411 39413 $FC -120.0
DIHEDRAL 39443 39446 39448 39450 $FC  0.0
IMPROPER 39542 39553 39545 39547 $FC -120.0
DIHEDRAL 39577 39580 39582 39584 $FC  0.0
IMPROPER 39676 39687 39679 39681 $FC -120.0
DIHEDRAL 39711 39714 39716 39718 $FC  0.0
IMPROPER 39810 39821 39813 39815 $FC -120.0
DIHEDRAL 39845 39848 39850 39852 $FC  0.0
IMPROPER 39944 39955 39947 39949 $FC -120.0
DIHEDRAL 39979 39982 39984 39986 $FC  0.0
IMPROPER 40078 40089 40081 40083 $FC -120.0
DIHEDRAL 40113 40116 40118 40120 $FC  0.0
IMPROPER 40212 40223 40215 40217 $FC -120.0
DIHEDRAL 40247 40250 40252 40254 $FC  0.0
IMPROPER 40346 40357 40349 40351 $FC -120.0
DIHEDRAL 40381 40384 40386 40388 $FC  0.0
IMPROPER 40480 40491 40483 40485 $FC -120.0
DIHEDRAL 40515 40518 40520 40522 $FC  0.0
IMPROPER 40614 40625 40617 40619 $FC -120.0
DIHEDRAL 40649 40652 40654 40656 $FC  0.0
IMPROPER 40748 40759 40751 40753 $FC -120.0
DIHEDRAL 40783 40786 40788 40790 $FC  0.0
IMPROPER 40882 40893 40885 40887 $FC -120.0
DIHEDRAL 40917 40920 40922 40924 $FC  0.0
IMPROPER 41016 41027 41019 41021 $FC -120.0
DIHEDRAL 41051 41054 41056 41058 $FC  0.0
IMPROPER 41150 41161 41153 41155 $FC -120.0
DIHEDRAL 41185 41188 41190 41192 $FC  0.0
IMPROPER 41284 41295 41287 41289 $FC -120.0
DIHEDRAL 41319 41322 41324 41326 $FC  0.0
IMPROPER 41418 41429 41421 41423 $FC -120.0
DIHEDRAL 41453 41456 41458 41460 $FC  0.0
IMPROPER 41552 41563 41555 41557 $FC -120.0
DIHEDRAL 41587 41590 41592 41594 $FC  0.0
IMPROPER 41686 41697 41689 41691 $FC -120.0
DIHEDRAL 41721 41724 41726 41728 $FC  0.0
IMPROPER 41820 41831 41823 41825 $FC -120.0
DIHEDRAL 41855 41858 41860 41862 $FC  0.0
IMPROPER 41954 41965 41957 41959 $FC -120.0
DIHEDRAL 41989 41992 41994 41996 $FC  0.0
IMPROPER 42088 42099 42091 42093 $FC -120.0
DIHEDRAL 42123 42126 42128 42130 $FC  0.0
IMPROPER 42222 42233 42225 42227 $FC -120.0
DIHEDRAL 42257 42260 42262 42264 $FC  0.0
IMPROPER 42356 42367 42359 42361 $FC -120.0
DIHEDRAL 42391 42394 42396 42398 $FC  0.0
IMPROPER 42490 42501 42493 42495 $FC -120.0
DIHEDRAL 42525 42528 42530 42532 $FC  0.0
IMPROPER 42624 42635 42627 42629 $FC -120.0
DIHEDRAL 42659 42662 42664 42666 $FC  0.0
IMPROPER 42758 42769 42761 42763 $FC -120.0
DIHEDRAL 42793 42796 42798 42800 $FC  0.0
IMPROPER 42892 42903 42895 42897 $FC -120.0
DIHEDRAL 42927 42930 42932 42934 $FC  0.0
IMPROPER 43026 43037 43029 43031 $FC -120.0
DIHEDRAL 43061 43064 43066 43068 $FC  0.0
IMPROPER 43160 43171 43163 43165 $FC -120.0
DIHEDRAL 43195 43198 43200 43202 $FC  0.0
IMPROPER 43294 43305 43297 43299 $FC -120.0
DIHEDRAL 43329 43332 43334 43336 $FC  0.0
IMPROPER 43428 43439 43431 43433 $FC -120.0
DIHEDRAL 43463 43466 43468 43470 $FC  0.0
IMPROPER 43562 43573 43565 43567 $FC -120.0
DIHEDRAL 43597 43600 43602 43604 $FC  0.0
IMPROPER 43696 43707 43699 43701 $FC -120.0
DIHEDRAL 43731 43734 43736 43738 $FC  0.0
IMPROPER 43830 43841 43833 43835 $FC -120.0
DIHEDRAL 43865 43868 43870 43872 $FC  0.0
IMPROPER 43964 43975 43967 43969 $FC -120.0
DIHEDRAL 43999 44002 44004 44006 $FC  0.0
IMPROPER 44098 44109 44101 44103 $FC -120.0
DIHEDRAL 44133 44136 44138 44140 $FC  0.0
IMPROPER 44232 44243 44235 44237 $FC -120.0
DIHEDRAL 44267 44270 44272 44274 $FC  0.0
IMPROPER 44366 44377 44369 44371 $FC -120.0
DIHEDRAL 44401 44404 44406 44408 $FC  0.0
IMPROPER 44500 44511 44503 44505 $FC -120.0
DIHEDRAL 44535 44538 44540 44542 $FC  0.0
IMPROPER 44634 44645 44637 44639 $FC -120.0
DIHEDRAL 44669 44672 44674 44676 $FC  0.0
IMPROPER 44768 44779 44771 44773 $FC -120.0
DIHEDRAL 44803 44806 44808 44810 $FC  0.0
IMPROPER 44902 44913 44905 44907 $FC -120.0
DIHEDRAL 44937 44940 44942 44944 $FC  0.0
IMPROPER 45036 45047 45039 45041 $FC -120.0
DIHEDRAL 45071 45074 45076 45078 $FC  0.0
IMPROPER 45170 45181 45173 45175 $FC -120.0
DIHEDRAL 45205 45208 45210 45212 $FC  0.0
IMPROPER 45304 45315 45307 45309 $FC -120.0
DIHEDRAL 45339 45342 45344 45346 $FC  0.0
IMPROPER 45438 45449 45441 45443 $FC -120.0
DIHEDRAL 45473 45476 45478 45480 $FC  0.0
IMPROPER 45572 45583 45575 45577 $FC -120.0
DIHEDRAL 45607 45610 45612 45614 $FC  0.0
IMPROPER 45706 45717 45709 45711 $FC -120.0
DIHEDRAL 45741 45744 45746 45748 $FC  0.0
IMPROPER 45840 45851 45843 45845 $FC -120.0
DIHEDRAL 45875 45878 45880 45882 $FC  0.0
IMPROPER 45974 45985 45977 45979 $FC -120.0
DIHEDRAL 46009 46012 46014 46016 $FC  0.0
IMPROPER 46108 46119 46111 46113 $FC -120.0
DIHEDRAL 46143 46146 46148 46150 $FC  0.0
IMPROPER 46242 46253 46245 46247 $FC -120.0
DIHEDRAL 46277 46280 46282 46284 $FC  0.0
IMPROPER 46376 46387 46379 46381 $FC -120.0
DIHEDRAL 46411 46414 46416 46418 $FC  0.0
IMPROPER 46510 46521 46513 46515 $FC -120.0
DIHEDRAL 46545 46548 46550 46552 $FC  0.0
IMPROPER 46644 46655 46647 46649 $FC -120.0
DIHEDRAL 46679 46682 46684 46686 $FC  0.0
IMPROPER 46778 46789 46781 46783 $FC -120.0
DIHEDRAL 46813 46816 46818 46820 $FC  0.0
IMPROPER 46912 46923 46915 46917 $FC -120.0
DIHEDRAL 46947 46950 46952 46954 $FC  0.0
IMPROPER 47046 47057 47049 47051 $FC -120.0
DIHEDRAL 47081 47084 47086 47088 $FC  0.0
IMPROPER 47180 47191 47183 47185 $FC -120.0
DIHEDRAL 47215 47218 47220 47222 $FC  0.0
IMPROPER 47314 47325 47317 47319 $FC -120.0
DIHEDRAL 47349 47352 47354 47356 $FC  0.0
IMPROPER 47448 47459 47451 47453 $FC -120.0
DIHEDRAL 47483 47486 47488 47490 $FC  0.0
IMPROPER 47582 47593 47585 47587 $FC -120.0
DIHEDRAL 47617 47620 47622 47624 $FC  0.0
IMPROPER 47716 47727 47719 47721 $FC -120.0
DIHEDRAL 47751 47754 47756 47758 $FC  0.0
IMPROPER 47850 47861 47853 47855 $FC -120.0
DIHEDRAL 47885 47888 47890 47892 $FC  0.0
IMPROPER 47984 47995 47987 47989 $FC -120.0
DIHEDRAL 48019 48022 48024 48026 $FC  0.0
IMPROPER 48118 48129 48121 48123 $FC -120.0
DIHEDRAL 48153 48156 48158 48160 $FC  0.0
IMPROPER 48252 48263 48255 48257 $FC -120.0
DIHEDRAL 48287 48290 48292 48294 $FC  0.0
IMPROPER 48386 48397 48389 48391 $FC -120.0
DIHEDRAL 48421 48424 48426 48428 $FC  0.0
IMPROPER 48520 48531 48523 48525 $FC -120.0
DIHEDRAL 48555 48558 48560 48562 $FC  0.0
IMPROPER 48654 48665 48657 48659 $FC -120.0
DIHEDRAL 48689 48692 48694 48696 $FC  0.0
IMPROPER 48788 48799 48791 48793 $FC -120.0
DIHEDRAL 48823 48826 48828 48830 $FC  0.0
IMPROPER 48922 48933 48925 48927 $FC -120.0
DIHEDRAL 48957 48960 48962 48964 $FC  0.0
IMPROPER 49056 49067 49059 49061 $FC -120.0
DIHEDRAL 49091 49094 49096 49098 $FC  0.0
IMPROPER 49190 49201 49193 49195 $FC -120.0
DIHEDRAL 49225 49228 49230 49232 $FC  0.0
IMPROPER 49324 49335 49327 49329 $FC -120.0
DIHEDRAL 49359 49362 49364 49366 $FC  0.0
IMPROPER 49458 49469 49461 49463 $FC -120.0
DIHEDRAL 49493 49496 49498 49500 $FC  0.0
IMPROPER 49592 49603 49595 49597 $FC -120.0
DIHEDRAL 49627 49630 49632 49634 $FC  0.0
IMPROPER 49726 49737 49729 49731 $FC -120.0
DIHEDRAL 49761 49764 49766 49768 $FC  0.0
IMPROPER 49860 49871 49863 49865 $FC -120.0
DIHEDRAL 49895 49898 49900 49902 $FC  0.0
IMPROPER 49994 50005 49997 49999 $FC -120.0
DIHEDRAL 50029 50032 50034 50036 $FC  0.0
IMPROPER 50128 50139 50131 50133 $FC -120.0
DIHEDRAL 50163 50166 50168 50170 $FC  0.0
IMPROPER 50262 50273 50265 50267 $FC -120.0
DIHEDRAL 50297 50300 50302 50304 $FC  0.0
IMPROPER 50396 50407 50399 50401 $FC -120.0
DIHEDRAL 50431 50434 50436 50438 $FC  0.0
IMPROPER 50530 50541 50533 50535 $FC -120.0
DIHEDRAL 50565 50568 50570 50572 $FC  0.0
IMPROPER 50664 50675 50667 50669 $FC -120.0
DIHEDRAL 50699 50702 50704 50706 $FC  0.0
IMPROPER 50798 50809 50801 50803 $FC -120.0
DIHEDRAL 50833 50836 50838 50840 $FC  0.0
IMPROPER 50932 50943 50935 50937 $FC -120.0
DIHEDRAL 50967 50970 50972 50974 $FC  0.0
IMPROPER 51066 51077 51069 51071 $FC -120.0
DIHEDRAL 51101 51104 51106 51108 $FC  0.0
IMPROPER 51200 51211 51203 51205 $FC -120.0
DIHEDRAL 51235 51238 51240 51242 $FC  0.0
IMPROPER 51334 51345 51337 51339 $FC -120.0
DIHEDRAL 51369 51372 51374 51376 $FC  0.0
IMPROPER 51468 51479 51471 51473 $FC -120.0
DIHEDRAL 51503 51506 51508 51510 $FC  0.0
IMPROPER 51602 51613 51605 51607 $FC -120.0
DIHEDRAL 51637 51640 51642 51644 $FC  0.0
IMPROPER 51736 51747 51739 51741 $FC -120.0
DIHEDRAL 51771 51774 51776 51778 $FC  0.0
IMPROPER 51870 51881 51873 51875 $FC -120.0
DIHEDRAL 51905 51908 51910 51912 $FC  0.0
IMPROPER 52004 52015 52007 52009 $FC -120.0
DIHEDRAL 52039 52042 52044 52046 $FC  0.0
IMPROPER 52138 52149 52141 52143 $FC -120.0
DIHEDRAL 52173 52176 52178 52180 $FC  0.0
IMPROPER 52272 52283 52275 52277 $FC -120.0
DIHEDRAL 52307 52310 52312 52314 $FC  0.0
IMPROPER 52406 52417 52409 52411 $FC -120.0
DIHEDRAL 52441 52444 52446 52448 $FC  0.0
IMPROPER 52540 52551 52543 52545 $FC -120.0
DIHEDRAL 52575 52578 52580 52582 $FC  0.0
IMPROPER 52674 52685 52677 52679 $FC -120.0
DIHEDRAL 52709 52712 52714 52716 $FC  0.0
IMPROPER 52808 52819 52811 52813 $FC -120.0
DIHEDRAL 52843 52846 52848 52850 $FC  0.0
IMPROPER 52942 52953 52945 52947 $FC -120.0
DIHEDRAL 52977 52980 52982 52984 $FC  0.0
IMPROPER 53076 53087 53079 53081 $FC -120.0
DIHEDRAL 53111 53114 53116 53118 $FC  0.0
IMPROPER 53210 53221 53213 53215 $FC -120.0
DIHEDRAL 53245 53248 53250 53252 $FC  0.0
IMPROPER 53344 53355 53347 53349 $FC -120.0
DIHEDRAL 53379 53382 53384 53386 $FC  0.0
IMPROPER 53478 53489 53481 53483 $FC -120.0
DIHEDRAL 53513 53516 53518 53520 $FC  0.0
IMPROPER 53612 53623 53615 53617 $FC -120.0
DIHEDRAL 53647 53650 53652 53654 $FC  0.0
IMPROPER 53746 53757 53749 53751 $FC -120.0
DIHEDRAL 53781 53784 53786 53788 $FC  0.0
IMPROPER 53880 53891 53883 53885 $FC -120.0
DIHEDRAL 53915 53918 53920 53922 $FC  0.0
IMPROPER 54014 54025 54017 54019 $FC -120.0
DIHEDRAL 54049 54052 54054 54056 $FC  0.0
IMPROPER 54148 54159 54151 54153 $FC -120.0
DIHEDRAL 54183 54186 54188 54190 $FC  0.0
IMPROPER 54282 54293 54285 54287 $FC -120.0
DIHEDRAL 54317 54320 54322 54324 $FC  0.0
IMPROPER 54416 54427 54419 54421 $FC -120.0
DIHEDRAL 54451 54454 54456 54458 $FC  0.0
IMPROPER 54550 54561 54553 54555 $FC -120.0
DIHEDRAL 54585 54588 54590 54592 $FC  0.0
IMPROPER 54684 54695 54687 54689 $FC -120.0
DIHEDRAL 54719 54722 54724 54726 $FC  0.0
IMPROPER 54818 54829 54821 54823 $FC -120.0
DIHEDRAL 54853 54856 54858 54860 $FC  0.0
IMPROPER 54952 54963 54955 54957 $FC -120.0
DIHEDRAL 54987 54990 54992 54994 $FC  0.0
IMPROPER 55086 55097 55089 55091 $FC -120.0
DIHEDRAL 55121 55124 55126 55128 $FC  0.0
